
11385964061953261876
11457564153601225721
12218419205613031073
12313988350043700128
12583011713308453437
12645454592465796063
1306057415452561871
13318645063776919229
13318645063776919229
13344817099410387573
13557665075664086005
13752067240929989494
14105598861011287938
14192549346246888729
14684011588187137695
14688818022492934862
14745492005798860521
14853553280151004822
15546705855528241085
17186626793714633786
17196063045619553275
18430728765903138875
1954348953854956960
2176436105669209402
2225455694094514464
2859472750054663630
2994741162206430964
3268771550011410225
3678597686488542291
3772128276989544051
40060001003504029
4130924515408607561
4188492695469688477
4472908752939177524
4525663488603231953
4546997675510664910
465221276788798858
4861358437924447216
504401410440320334
5228695776291406748
5257558568210046402
5562001850195049841
5582935111805810634
5850475202179653107
5876194058109815527
5959434314587633683
6193160571918167362
6207891933554454979
6602820686191434373
6619531147858917650
6622938812695072938
6732807701813544388
7042060652908874769
7338821243367507045
7676338994348824295
7891752632417861855
8227415708304514180
8330475484247267603
8392138674244486290
8933324765898163940
9073259582679651028
9817511517355978098
9906925406802205780
