
-1011013994
-1056783259
-118121340
-1275013399
-1293274507
-1324608818
-1336897073
-1377847008
-1389689229
-1400401196
-1437651598
-1546235734
-159039265
-1618562621
-1634579398
-173795609
-1767476231
-1824853957
-1891780662
-206776780
-229292239
-257386221
-289702014
-404036146
-642886240
-675038958
-779877987
-811842108
-824051383
-873537859
-873537859
-923730575
-924480793
1189811062
1195702291
1275763333
1347709501
1358116234
1522494778
1603143412
1614777625
171902909
19291635
2003012625
2069302990
2079890882
2091334560
2141005471
226514254
255949791
275727260
325062305
381234259
415030356
44917749
52860625
576037872
673776786
706117940
908275010
915359460
962597883
969541277
