[43, 41]
[4, 1]

[28, 26]
[11, 9]
[5, 3]
[5, 3]

[25, 23]
[11, 9]
[10, 8]
[5, 3]
[5, 3]

[29, 27]
[96, 94]

[134, 131]
[96, 94]

[3, 1]
[4, 2]
[430, 428]
[3, 1]
[300, 298]
[399, 397]
[3, 1]
[12, 10]
[45, 43]
[3, 1]
[18, 16]
[24, 22]
[284, 282]
[312, 310]
[3, 1]
[21, 19]
[3, 1]
[7, 5]
[3, 1]
[169, 167]
[5, 3]
[13, 11]

[3, 1]
[169, 167]
[21, 19]
[430, 428]
[3, 1]
[4, 2]
[399, 397]
[18, 16]
[45, 43]
[3, 1]
[3, 1]
[312, 310]
[90, 88]
[206, 204]
[3, 1]
[24, 22]
[284, 282]
[3, 1]
[7, 5]
[5, 3]
[35, 33]
[13, 11]
[12, 10]